camera_matrix:
- - 836.4470711612378
  - 0.0
  - 617.1300653761523
- - 0.0
  - 836.3773301746144
  - 375.21231404528646
- - 0.0
  - 0.0
  - 1.0
dist_coeff:
- - 0.1315404408214922
  - -0.3995846506998024
  - -0.0009480454663061927
  - -0.0011859756660937532
  - 0.34358372449848196
rms: 0.6305410769769076
