camera_matrix:
- - 842.2483030627191
  - 0.0
  - 630.6289913522821
- - 0.0
  - 841.7698661225337
  - 365.5211167739134
- - 0.0
  - 0.0
  - 1.0
dist_coeff:
- - 0.1899551870189971
  - -0.6171492400886117
  - -0.0014747877497104228
  - 0.000287724924054036
  - 0.6367564085867509
rms: 0.39112861712633507
